86 94 85 81 88
80 82 84 89 84
82 81 85 84 80
87 86 86 88 87
87 88 80 83 80
79 83 92 81 88
86 78 80 82 82
84 85 87 90 82
82 75 81 83 86
86 83 71 85 84
87 82 79 84 87
79 83 85 82 87
82 85 90 85 86
83 84 87 82 84
84 83 90 84 84
85 82 87 75 85
92 87 83 87 82
80 86 84 89 88
90 83 79 84 78
82 84 81 89 84
84 86 80 84 82
87 86 85 81 88
81 82 85 81 79
85 83 88 86 90
81 83 77 77 90
86 90 87 84 83
86 79 88 79 86
88 82 74 83 77
79 85 84 78 90
83 85 87 80 78
87 82 86 81 90
85 89 84 85 81
87 85 82 86 87
79 86 86 79 82
89 88 82 86 84
73 83 84 86 82
83 81 80 81 78
85 79 86 76 77
82 83 82 81 88
83 81 79 84 80
86 81 84 90 77
84 87 88 85 81
86 86 87 80 84
86 84 90 75 82
82 83 84 84 88
80 79 87 82 82
82 87 80 80 84
79 82 79 80 87
83 83 77 86 84
83 85 83 91 92
85 87 88 88 88
87 75 84 79 80
80 87 86 89 85
79 84 75 90 87
86 83 86 86 81
87 79 88 87 88
87 84 91 80 81
85 83 81 84 83
84 83 81 87 80
87 86 90 89 84
86 85 85 83 85
84 84 91 88 85
77 73 86 80 83
80 81 84 83 84
83 83 90 85 81
87 83 79 89 81
84 81 85 85 88
85 85 82 89 86
89 85 91 84 81
88 75 82 82 81
88 84 83 87 87
84 85 87 89 88
89 82 81 79 91
82 80 86 86 85
86 80 84 86 79
87 82 87 84 82
85 82 82 82 88
82 86 76 85 90
85 83 86 89 85
92 92 89 79 81
87 89 81 88 83
88 86 88 86 87
89 81 84 86 85
87 88 89 81 83
83 85 82 83 75
82 88 76 80 82
89 86 81 90 86
88 84 92 84 77
85 82 89 85 88
77 87 83 91 86
83 85 90 94 76
73 81 82 77 77
84 90 81 79 85
90 83 80 85 86
83 84 85 87 88
80 80 87 81 82
87 84 85 86 80
92 82 77 84 85
86 83 82 81 84
87 86 82 84 83
82 86 82 82 79
84 86 84 78 85
88 83 76 83 83
89 81 84 85 87
76 89 79 85 77
79 81 80 87 85
81 90 85 89 84
92 78 78 87 84
85 85 85 77 87
79 81 84 81 81
76 83 91 83 86
81 86 82 86 86
82 88 80 91 85
85 78 83 89 83
85 81 84 86 85
89 89 86 86 88
80 85 82 84 73
87 81 83 86 85
79 87 80 81 85
82 88 85 86 81
81 84 86 84 84
83 80 83 86 87
85 88 85 87 85
88 83 84 78 81
86 88 79 89 86
92 84 84 82 83
82 87 87 86 87
79 89 82 85 85
87 86 81 83 83
88 86 86 80 80
86 85 79 88 86
82 89 86 84 85
83 83 78 83 83
91 88 87 84 85
75 82 84 82 85
85 82 83 84 79
81 89 84 84 89
81 84 82 90 89
80 82 89 85 80
86 86 90 91 81
82 79 81 86 88
94 80 87 86 85
82 87 83 81 83
83 83 77 89 82
82 82 81 84 91
75 90 87 79 88
83 89 82 83 85
79 86 86 85 89
88 81 81 82 85
83 90 81 72 78
86 84 85 76 86
89 78 80 82 87
82 83 84 87 80
83 82 86 90 87
83 84 85 80 88
77 84 84 86 87
81 89 84 84 80
80 82 82 83 92
82 80 84 85 80
79 78 80 78 86
87 82 85 85 77
83 84 88 92 86
87 83 84 84 83
84 82 84 88 90
80 84 76 81 75
88 87 90 86 89
82 87 85 85 88
82 76 86 79 82
87 89 92 76 78
85 81 89 84 80
81 80 85 82 81
90 89 84 85 78
84 78 80 85 89
72 80 84 88 79
85 84 75 87 79
82 75 91 81 85
88 87 83 84 82
89 84 86 83 81
87 90 84 86 86
85 89 82 83 91
85 81 83 84 80
86 92 79 84 87
80 83 83 77 88
87 83 90 80 85
82 84 84 77 86
84 93 86 86 80
78 86 85 86 81
82 81 81 84 84
83 87 81 83 79
83 83 83 84 84
76 80 85 83 79
80 78 82 86 81
84 78 76 82 81
82 88 84 81 83
80 83 81 88 81
90 77 88 86 82
86 87 88 84 88
79 79 84 88 86
86 92 79 86 82
81 88 85 78 82
